414677789170610176
416002744642576385
416474162341752832
422945058975780864
423228647290318848
424469980436914178
424554794477293569
425327100866740224
425377724681945088
425467606682697728
425477573829591041
425758433883590656
426559582895230976
427687490909007872
430545447564767235
430936532803788800
432407522633191424
433073646857228288
434134419578707968
435334943174971392
435589715454992384
435939706337886208
435980396875247616
436710057418309632
436710510377979904
436711090999660545
437446886383812608
437447666486624257
437817125160251392
437817201672728577
437826733731897346
439420285779861504
